   400
   2.00000
   4.00000
   6.00000
   8.00000
   10.0000
   12.0000
   14.0000
   16.0000
   18.0000
   20.0000
   22.0000
   24.0000
   26.0000
   28.0000
   30.0000
   32.0000
   34.0000
   36.0000
   38.0000
   40.0000
   42.0000
   44.0000
   46.0000
   48.0000
   50.0000
   52.0000
   54.0000
   56.0000
   58.0000
   60.0000
   62.0000
   64.0000
   66.0000
   68.0000
   70.0000
   72.0000
   74.0000
   76.0000
   78.0000
   80.0000
   82.0000
   84.0000
   86.0000
   88.0000
   90.0000
   92.0000
   94.0000
   96.0000
   98.0000
   100.000
   102.000
   104.000
   106.000
   108.000
   110.000
   112.000
   114.000
   116.000
   118.000
   120.000
   122.000
   124.000
   126.000
   128.000
   130.000
   132.000
   134.000
   136.000
   138.000
   140.000
   142.000
   144.000
   146.000
   148.000
   150.000
   152.000
   154.000
   156.000
   158.000
   160.000
   162.000
   164.000
   166.000
   168.000
   170.000
   172.000
   174.000
   176.000
   178.000
   180.000
   182.000
   184.000
   186.000
   188.000
   190.000
   192.000
   194.000
   196.000
   198.000
   200.000
   202.000
   204.000
   206.000
   208.000
   210.000
   212.000
   214.000
   216.000
   218.000
   220.000
   222.000
   224.000
   226.000
   228.000
   230.000
   232.000
   234.000
   236.000
   238.000
   240.000
   242.000
   244.000
   246.000
   248.000
   250.000
   252.000
   254.000
   256.000
   258.000
   260.000
   262.000
   264.000
   266.000
   268.000
   270.000
   272.000
   274.000
   276.000
   278.000
   280.000
   282.000
   284.000
   286.000
   288.000
   290.000
   292.000
   294.000
   296.000
   298.000
   300.000
   302.000
   304.000
   306.000
   308.000
   310.000
   312.000
   314.000
   316.000
   318.000
   320.000
   322.000
   324.000
   326.000
   328.000
   330.000
   332.000
   334.000
   336.000
   338.000
   340.000
   342.000
   344.000
   346.000
   348.000
   350.000
   352.000
   354.000
   356.000
   358.000
   360.000
   362.000
   364.000
   366.000
   368.000
   370.000
   372.000
   374.000
   376.000
   378.000
   380.000
   382.000
   384.000
   386.000
   388.000
   390.000
   392.000
   394.000
   396.000
   398.000
   400.000
   402.000
   404.000
   406.000
   408.000
   410.000
   412.000
   414.000
   416.000
   418.000
   420.000
   422.000
   424.000
   426.000
   428.000
   430.000
   432.000
   434.000
   436.000
   438.000
   440.000
   442.000
   444.000
   446.000
   448.000
   450.000
   452.000
   454.000
   456.000
   458.000
   460.000
   462.000
   464.000
   466.000
   468.000
   470.000
   472.000
   474.000
   476.000
   478.000
   480.000
   482.000
   484.000
   486.000
   488.000
   490.000
   492.000
   494.000
   496.000
   498.000
   500.000
   502.000
   504.000
   506.000
   508.000
   510.000
   512.000
   514.000
   516.000
   518.000
   520.000
   522.000
   524.000
   526.000
   528.000
   530.000
   532.000
   534.000
   536.000
   538.000
   540.000
   542.000
   544.000
   546.000
   548.000
   550.000
   552.000
   554.000
   556.000
   558.000
   560.000
   562.000
   564.000
   566.000
   568.000
   570.000
   572.000
   574.000
   576.000
   578.000
   580.000
   582.000
   584.000
   586.000
   588.000
   590.000
   592.000
   594.000
   596.000
   598.000
   600.000
   602.000
   604.000
   606.000
   608.000
   610.000
   612.000
   614.000
   616.000
   618.000
   620.000
   622.000
   624.000
   626.000
   628.000
   630.000
   632.000
   634.000
   636.000
   638.000
   640.000
   642.000
   644.000
   646.000
   648.000
   650.000
   652.000
   654.000
   656.000
   658.000
   660.000
   662.000
   664.000
   666.000
   668.000
   670.000
   672.000
   674.000
   676.000
   678.000
   680.000
   682.000
   684.000
   686.000
   688.000
   690.000
   692.000
   694.000
   696.000
   698.000
   700.000
   702.000
   704.000
   706.000
   708.000
   710.000
   712.000
   714.000
   716.000
   718.000
   720.000
   722.000
   724.000
   726.000
   728.000
   730.000
   732.000
   734.000
   736.000
   738.000
   740.000
   742.000
   744.000
   746.000
   748.000
   750.000
   752.000
   754.000
   756.000
   758.000
   760.000
   762.000
   764.000
   766.000
   768.000
   770.000
   772.000
   774.000
   776.000
   778.000
   780.000
   782.000
   784.000
   786.000
   788.000
   790.000
   792.000
   794.000
   796.000
   798.000
   800.000
